image: ../maps/VdG_1st_floor_clean.pgm
resolution: 0.103400
origin: [-15.199800, -107.846200, 0.000000]
negate: 0
occupied_thresh: 0.65
free_thresh: 0.196

